1159
1078
1137
1073
1097
1083
1096
1088
1126
1083
1151
1105
1110
1102
1110
1170
1084
1120
1120
1106
1160
1146
1073
1087
1056
1113
1149
1082
1088
1053
1115
1115
1146
1133
1137
1090
1092
1031
1085
1103
1077
1128
1172
1116
1130
1085
1013
1173
1120
1081
1116
1052
1118
1070
1087
1089
1125
1034
1105
1124
1117
1090
1103
1163
1076
1086
1063
1138
1120
1085
1053
1105
1128
1094
1084
1123
1052
1070
1069
1119
1194
1085
1124
1089
1101
1090
1096
1176
1115
1061
1134
1049
1097
1069
1068
1081
1094
1075
1110
1129
1115
1086
1083
1128
1097
1124
1100
1118
1073
1121
1127
1126
1086
1073
1060
1083
1077
1037
1072
1046
1161
1138
1104
1108
1086
1081
1094
1131
1116
1116
1168
1115
1110
1118
1156
1124
